
==========Precision==========
stime: 0.6745098039215687
etime: 0.9913793103448276
sentence: 0.674812030075188
speaker: 0.8165137614678899
location: 0.2549019607843137

==========Recall==========
stime: 0.4479166666666667
etime: 0.6216216216216216
sentence: 0.7281947261663286
speaker: 0.26253687315634217
location: 0.04513888888888889

==========F1 Measure==========
stime: 0.5383411580594679
etime: 0.7641196013289036
sentence: 0.7004878048780488
speaker: 0.39732142857142855
location: 0.07669616519174041

==========Accuracy==========
stime: 0.45471349353049906
etime: 0.6757990867579908
sentence: 0.5399600399600399
speaker: 0.3233082706766917
location: 0.10315186246418338
